0.0
0.0
0.0
40.09199999999993
94.67999999999995
32.60699999999997
32.60699999999997
0.0
0.0
0.0
0.0
0.0
40.09199999999993
94.67999999999995
32.60699999999997
32.60699999999997
0.0
0.0
32.607
32.60699999999997
40.09199999999993
84.66799999999995
0.0
0.0
0.0
0.0
0.0
0.0
0.0
0.0
84.668
0.0
0.0
10.791999999999916
0.0
0.0
0.0
0.0
0.0
0.0
32.60699999999997
32.60699999999997
84.668
40.09199999999993
94.67999999999995
0.0
0.0
0.0
0.0
94.67999999999995
94.6799999999999
32.60699999999997
32.60699999999997
0.0
0.0
0.0
0.0
0.0
0.0
0
0.0
146.0139999999999
84.66799999999995
32.60699999999997
84.668
84.668
0.0
0.0
0.0
94.67999999999995
94.67999999999995
0.0
94.6799999999999
94.67999999999995
94.68
0.0
0.0
40.09199999999993
32.60699999999997
0.0
32.60699999999997
0.0
84.668
84.668
0.0
0.0
209.8150000000001
0.0
0.0
164.75800000000004
164.75800000000004
223.77100000000007
297.90300000000013
0.0
0.0
81.06600000000003
235.67700000000013
164.75800000000004
164.75799999999998
164.75800000000007
165.024
56.45099999999999
164.75800000000004
165.024
165.024
164.75800000000004
164.75800000000004
165.024
164.758
0.0
0
1.641999999999996
0.0
0.0
23.507000000000005
0.0
209.81500000000005
297.90300000000013
297.90300000000013
164.75800000000004
164.75799999999998
223.77100000000007
0.0
0.0
1.641999999999996
0.0
164.75800000000004
166.82200000000006
297.90300000000013
297.90300000000013
81.06600000000003
164.7580000000001
0.0
0.0
0.0
0.0
0.0
0.0
226.10400000000004
164.75799999999998
297.90300000000013
164.75800000000004
164.75800000000004
0.0
0.0
164.75800000000004
164.75800000000004
164.75800000000004
164.7580000000001
166.82200000000006
164.75800000000004
164.7580000000001
164.75800000000004
164.75800000000004
164.75800000000004
164.75800000000004
0.0
164.75799999999998
0.0
165.024
165.02400000000006
0.0
0.0
0.0
276.94100000000003
155.169
116.16399999999993
0.0
0.0
0.0
281.523
281.523
165.3930000000001
0.0
116.16399999999996
160.73999999999998
116.55100000000004
35.252000000000066
0.0
0.0
35.252000000000066
35.252000000000066
18.41700000000003
18.41700000000003
160.74
0.0
0.0
67.243
28.350000000000023
28.350000000000023
28.350000000000023
165.39300000000006
155.16899999999998
0
0.0
0.0
160.74
1463.5039999999997
1500.5039999999997
1419.3169999999998
1074.255
817.0730000000001
817.0730000000002
1074.255
1074.255
1110.9630000000002
817.0730000000001
977.8130000000001
977.8130000000001
817.073
817.0730000000001
977.813
817.0730000000001
817.073
1110.9630000000002
1074.255
1074.255
1074.255
1074.255
1074.2549999999999
1039.159
977.8129999999999
817.0730000000001
977.813
977.8130000000001
888.5700000000002
1074.255
888.5700000000002
1074.255
977.8130000000002
977.8130000000002
1348.066
1226.294
1352.648
1352.648
1171.9329999999995
955.3009999999999
1200.2239999999997
955.3009999999999
970.6839999999997
970.6839999999997
966.0930000000001
898.85
898.85
898.8499999999999
1323.2500000000002
1226.294
898.85
898.8500000000001
898.85
898.8499999999999
1202.288
1352.648
1352.648
1352.648
1352.6480000000001
1352.648
1323.25
1202.288
1226.294
1202.288
970.6839999999997
970.6839999999997
1352.648
1352.648
1366.5320000000002
1366.532
1074.255
817.0730000000001
817.0730000000002
1074.255
1074.255
1110.9630000000002
817.0730000000001
977.8130000000001
977.8130000000001
817.073
817.0730000000001
977.813
817.0730000000001
817.073
1110.9630000000002
1074.255
1074.255
1074.255
1074.255
1074.2549999999999
1039.159
977.8129999999999
817.0730000000001
977.813
977.8130000000001
888.5700000000002
1074.255
888.5700000000002
1074.255
977.8130000000002
977.8130000000002
1348.066
1226.294
1352.648
1352.648
1171.9329999999995
955.3009999999999
1200.2239999999997
955.3009999999999
970.6839999999997
970.6839999999997
966.0930000000001
898.85
898.85
898.8499999999999
1323.2500000000002
1226.294
898.85
898.8500000000001
898.85
898.8499999999999
1202.288
1352.648
1352.648
1352.648
1352.6480000000001
1352.648
1323.25
1202.288
1226.294
1202.288
970.6839999999997
970.6839999999997
1352.648
1352.648
1366.5320000000002
1366.532
179.28199999999995
231.87699999999992
0.0
0.0
231.87699999999984
231.8769999999999
327.5419999999999
45.82800000000003
480.97299999999996
0.0
0.0
380.5239999999999
0.0
161.521
0.0
0.0
0.0
0.0
0.0
514.076
489.97599999999994
547.6499999999999
231.87699999999992
179.28199999999998
0.0
0
319.8519999999999
319.852
539.4229999999999
442.72399999999993
417.3089999999999
514.076
539.4229999999999
466.7689999999999
45.82800000000003
0.0
476.9289999999999
476.9289999999999
536.1049999999999
337.56299999999993
256.8919999999999
256.8919999999998
256.89199999999994
319.8519999999999
179.28199999999998
0.0
0.0
0.0
0.0
0.0
0.0
0.0
0.0
0.0
0.0
0.0
249.89800000000002
0.0
108.32
0.0
0.0
0.0
0.0
0.0
106.78799999999995
95.76699999999997
0.0
52.59499999999997
0.0
0.0
0.0
87.97499999999997
87.97499999999997
106.7879999999999
160.43800000000005
121.48499999999999
106.78799999999995
106.78799999999993
0.0
0.0
103.83600000000001
149.387
149.38699999999997
128.81699999999998
10.020999999999987
0
0.0
25.015000000000043
87.97499999999997
0.0
182.88
53.620000000000005
53.620000000000005
53.620000000000005
53.620000000000005
53.620000000000005
649.9129999999999
238.77599999999998
53.620000000000005
53.620000000000005
53.620000000000005
303.5180000000001
179.28199999999995
447.655
256.139
366.1699999999999
447.65499999999986
447.6549999999999
256.139
395.366
241.84199999999996
366.1699999999998
366.1699999999999
200.222
0.0
0.0
366.1699999999998
366.16999999999985
366.16999999999996
352.9060000000001
341.88500000000005
336.344
179.28199999999995
179.28199999999998
179.28199999999995
447.655
256.139
366.1699999999999
447.65499999999986
447.6549999999999
256.139
395.366
241.84199999999996
366.1699999999998
366.1699999999999
200.222
366.1699999999998
366.16999999999985
366.16999999999996
352.9060000000001
341.88500000000005
336.344
179.28199999999995
179.28199999999998
179.28199999999995
447.655
256.139
366.1699999999999
447.65499999999986
447.6549999999999
256.139
395.366
241.84199999999996
366.1699999999998
366.1699999999999
200.222
366.1699999999998
366.16999999999985
366.16999999999996
352.9060000000001
341.88500000000005
336.344
179.28199999999995
179.28199999999998
179.28199999999995
447.655
256.139
366.1699999999999
447.65499999999986
447.6549999999999
256.139
395.366
241.84199999999996
366.1699999999998
366.1699999999999
200.222
366.1699999999998
366.16999999999985
366.16999999999996
352.9060000000001
341.88500000000005
336.344
179.28199999999995
179.28199999999998
179.28199999999995
447.655
256.139
366.1699999999999
447.65499999999986
447.6549999999999
256.139
395.366
241.84199999999996
366.1699999999998
366.1699999999999
200.222
366.1699999999998
366.16999999999985
366.16999999999996
352.9060000000001
341.88500000000005
336.344
179.28199999999995
179.28199999999998
179.28199999999995
447.655
256.139
366.1699999999999
447.65499999999986
447.6549999999999
256.139
395.366
241.84199999999996
366.1699999999998
366.1699999999999
200.222
366.1699999999998
366.16999999999985
366.16999999999996
352.9060000000001
341.88500000000005
336.344
179.28199999999995
179.28199999999998
179.28199999999995
447.655
256.139
366.1699999999999
447.65499999999986
447.6549999999999
256.139
395.366
241.84199999999996
366.1699999999998
366.1699999999999
200.222
366.1699999999998
366.16999999999985
366.16999999999996
352.9060000000001
341.88500000000005
336.344
179.28199999999995
179.28199999999998
1996.4450000000002
1996.4450000000002
1996.4450000000002
1996.4450000000002
1996.4450000000002
1996.4450000000002
1996.4450000000002
1996.4450000000002
1996.4450000000002
1996.4450000000002
3507.6550000000016
3507.6550000000016
3507.6550000000016
3507.6550000000016
3507.6550000000016
427.97599999999966
427.97599999999966
427.97599999999966
593.5899999999997
1046.0049999999994
1046.0049999999992
484.0929999999996
593.5899999999997
822.5249999999996
