100.137
63.663
10.186
84.738
67.299
96.07999999999998
7.277
29.054
56.18600000000001
26.403
41.777
8.7
31.933
72.302
61.23
20.644
72.302
94.533
105.688
79.792
53.376
52.79
54.48
67.299
109.322
153.79999999999998
32.876000000000005
102.104
330.489
40.902
121.24700000000003
91.02799999999999
22.134
106.63799999999999
8.233
91.844
32.07299999999999
122.851
109.322
106.35
14.015
42.262
57.122
72.955
51.49
31.933
37.409000000000006
54.158
61.223000000000006
9.351
137.22
18.526
38.149
20.759
54.026
20.32
5.769
74.713
54.365
100.437
57.783
56.260000000000005
113.108
38.704
100.819
52.993
68.777
56.749
64.922
111.224
93.527
113.14099999999999
5.304
93.24300000000001
47.379
80.869
53.219
64.42999999999999
44.943
31.802
52.121
90.19800000000001
38.955
50.363
43.358
116.95499999999998
89.73
53.78
51.571
58.343
21.041
178.837
154.499
8.959
119.07
130.632
105.045
56.138000000000005
26.085
65.611
89.78899999999999
26.759
36.25
71.269
75.21700000000001
35.65
106.013
43.639
63.056
34.419
15.402
288.267
45.411
14.924
245.48899999999998
32.781
37.162
29.817
29.612000000000002
75.49199999999999
14.084
102.104
88.89
81.25
36.382999999999996
96.46300000000001
54.293
102.45400000000001
46.584
70.142
97.348
92.719
37.274
68.231
53.666
30.751
53.666
6.709
48.004
42.586
58.132
52.731
52.731
52.297
57.391
51.567
69.666
57.71
60.097
36.462
45.539
32.923
30.808
49.915
84.005
96.272
48.879999999999995
60.965
41.831
31.768
23.703
6.443
122.391
71.269
85.705
45.411
122.39099999999999
85.705
88.3
61.926
23.049
63.164
19.456
26.976000000000003
45.325
54.849
45.325
55.786
32.521
109.34
116.354
13.722
13.722
87.683
148.75199999999998
85.647
39.27
99.32
52.751
36.712
83.03999999999999
41.52899999999999
49.45
5.457000000000001
14.604
86.888
84.873
56.163
65.565
80.826
31.314
92.762
185.013
45.282
153.61
154.49900000000002
18.223999999999997
11.318
76.01700000000001
13.507
33.333
37.007999999999996
42.75
25.948
131.92
30.623
27.496
29.04
8.714
36.907000000000004
68.85700000000001
25.948
68.857
19.817
51.297
33.658
27.496
26.551
27.364
90.855
27.477
30.536
93.623
39.236
41.612
30.623
27.477
120.055
27.912
30.536
93.16
63.486
27.912
60.176
60.176
10.47
55.374
60.176
60.176
62.265
55.374
22.96
208.18200000000007
62.26500000000001
69.12
39.236
41.612
36.907000000000004
8.714
27.823
58.091
25.337
22.662000000000003
27.823
47.654
28.837
26.551000000000002
28.837
35.092
3.873
122.85100000000003
51.187
27.101
132.931
12.633
33.155
63.486
32.329
49.45
19.649
75.223
111.523
57.297
103.838
19.649
122.668
22.96
208.18200000000002
35.592
19.817
31.82
56.495000000000005
88.89
31.82
25.458
58.091
28.407
21.320999999999998
47.654
31.837
28.407
25.337
25.458
31.247
22.662
106.35
64.702
106.35000000000001
330.489
36.565
37.409000000000006
39.922
50.46
9.351
41.528999999999996
105.48499999999999
18.308
200.757
49.39
36.638000000000005
43.764
98.57900000000001
54.92699999999999
63.544999999999995
42.911
27.598
24.576
34.527
31.054000000000002
74.151
47.921
116.354
20.644
27.598
48.316
85.732
61.192
39.426
40.471000000000004
138.832
19.35
15.427
54.637
60.109
35.207
288.267
58.715
14.401
42.393
8.959
36.333
162.096
10.938
18.972
19.435000000000002
83.476
3.431
18.353
135.628
28.187
57.465999999999994
25.145
20.358999999999998
11.018
24.799
41.014
65.253
64.702
53.629999999999995
21.987000000000002
87.52
66.45200000000001
105.115
27.748
51.603
53.68
19.889000000000003
36.142
26.422
34.284
55.442
77.938
361.735
41.014
89.818
50.867999999999995
23.662
23.703
39.426
6.443
11.568
15.944
96.296
32.902
58.315
75.9
153.60999999999999
140.361
3.873
9.364
9.141
49.13
178.837
75.399
28.242999999999995
103.838
39.922
28.384
77.512
38.006
43.832
39.63
27.364
29.115
112.88
29.115
7.311
65.69800000000001
18.972
201.09499999999997
37.21
91.02799999999999
81.25
37.21
28.117
31.247
30.804
30.804
28.117
21.320999999999998
167.574
31.837
35.092
38.006
72.471
44.631
44.631
8.026
56.495000000000005
35.592
6.293
79.286
83.476
34.527
55.534000000000006
46.036
126.219
50.286
26.558999999999997
30.072
50.811
64.69699999999999
43.291
75.89999999999999
9.812
21.952999999999996
25.21
6.495
16.796
23.693
183.815
17.79
29.370000000000008
119.049
33.47
33.47
83.32000000000001
38.754
29.369999999999997
56.236000000000004
31.847
56.236000000000004
39.63
8.81
44.427
167.574
36.843
6.883
2.768
14.101
40.902
14.101
140.36100000000002
2.399
12.732
332.70500000000004
18.101
14.045
15.088999999999999
12.886
10.47
47.197
30.567
65.253
141.713
5.457
12.555
239.49900000000002
