87.221
52.514
16.936
59.552
92.538
58.62199999999999
85.821
91.282
25.457
39.664
58.239
74.843
57.592
57.348
100.137
84.383
122.027
118.27199999999999
299.303
83.275
56.18600000000001
26.403
79.437
126.906
100.901
95.914
31.933
72.302
61.23
20.644
72.302
4.335
75.777
86.054
70.34
123.268
49.894
94.533
105.688
79.792
53.376
52.79
54.48
109.322
32.876000000000005
38.308
80.893
22.134
106.63799999999999
56.569
59.239999999999995
57.057
85.20400000000001
299.30300000000005
109.322
14.015
42.262
57.122
72.955
51.49
31.933
37.409000000000006
109.242
73.43
30.563
54.158
61.223000000000006
32.3
91.981
110.61200000000001
126.30299999999997
26.124999999999996
9.351
137.22
51.888
93.532
46.693
100.908
99.597
11.967
20.759
26.906
119.176
127.964
93.785
7.245
240.85999999999999
54.026
88.896
154.193
56.282000000000004
42.150999999999996
90.8
52.458
5.769
74.713
54.365
100.437
57.783
56.260000000000005
113.108
38.704
100.819
52.993
68.777
56.749
64.922
111.224
93.527
113.14099999999999
5.304
93.24300000000001
47.379
80.869
53.219
64.42999999999999
44.943
31.802
52.121
90.19800000000001
38.955
50.363
43.358
116.95499999999998
89.73
53.78
51.571
58.343
21.041
130.632
105.045
56.138000000000005
4.77
137.67199999999997
34.631
68.17699999999999
75.21700000000001
35.65
106.013
63.056
14.59
46.039
51.865
117.38999999999999
42.243
21.949
86.634
53.122
33.003
113.565
36.382999999999996
96.46300000000001
54.293
102.45400000000001
57.126
110.838
4.433
66.774
35.144
27.023000000000003
31.482
43.305
53.484
52.193
87.811
46.584
55.438
94.439
89.102
54.49
70.142
97.348
92.719
37.274
68.231
53.666
30.751
53.666
6.709
48.004
20.945
84.184
47.164
51.268
98.557
6.409
44.147
152.57999999999998
113.967
84.976
56.959999999999994
37.305
104.85000000000001
28.148
43.998000000000005
56.751
43.998000000000005
60.713
107.383
30.967
76.16
27.023
13.612
3.896
37.271
165.742
11.657
45.066
37.271
21.632
38.55
11.657
10.772
90.478
27.298
15.613
38.55
26.36
58.132
52.731
52.731
52.297
57.391
51.567
60.187999999999995
69.666
57.71
60.097
49.915
84.005
96.272
46.2
47.727000000000004
76.893
77.981
21.669999999999998
23.551000000000002
22.897
8.645
41.831
31.768
38.17799999999999
94.61999999999999
21.891
45.344
9.079
35.442
10.203
63.995
122.64999999999999
31.522
47.517
43.804
57.036
57.036
61.558
45.675
58.709
79.31
58.709
76.16
60.713
70.325
70.325
4.18
81.02199999999999
56.751
28.949
59.773
28.949
78.682
63.552
57.516
35.208
92.961
97.773
33.937
92.961
61.926
23.049
63.164
19.456
26.976000000000003
45.325
54.849
45.325
55.786
32.521
109.34
116.354
13.722
13.722
87.683
148.75199999999998
85.647
39.27
99.32
52.751
36.712
83.03999999999999
41.52899999999999
49.45
5.457000000000001
14.604
86.888
84.873
56.163
65.565
92.762
57.111
32.329
49.45
19.649
75.223
111.523
111.83800000000001
57.297
54.24
87.75
239.11099999999996
62.772999999999996
282.72799999999995
103.838
19.649
60.739000000000004
122.668
124.765
110.205
14.59
90.34499999999998
79.381
90.94800000000001
32.246
98.908
36.565
37.409000000000006
39.922
50.46
9.351
41.528999999999996
105.48499999999999
51.992
49.804
87.76299999999999
87.008
49.403
54.47
43.764
98.57900000000001
58.12
27.598
24.576
34.527
31.054000000000002
74.151
47.921
7.151
52.235
62.772999999999996
116.354
20.644
27.598
48.316
85.732
61.192
19.35
15.427
54.637
60.109
58.715
14.401
10.938
19.435000000000002
83.476
3.431
18.353
135.628
28.187
57.465999999999994
25.145
53.730999999999995
54.980000000000004
62.573
51.865
18.832
41.809
30.002
30.967
53.629999999999995
21.987000000000002
69.737
87.52
95.401
66.45200000000001
105.115
22.615
72.374
27.748
51.603
3.992
66.428
99.565
13.635
4.05
4.18
30.396
45.066
3.896
81.029
4.77
22.092
136.672
26.422
34.284
55.442
77.938
21.632
65.99
19.412
19.253
28.242999999999995
103.838
39.922
28.384
26.385
15.613
37.416
22.897
37.416
21.891
42.634
122.65
131.063
43.832
39.63
84.604
48.932
35.144
94.352
27.241
86.978
90.249
106.61000000000001
7.311
65.69800000000001
54.875
132.6
48.446
59.514
47.517
59.781
71.00800000000001
6.293
79.286
83.476
34.527
26.902
117.96300000000001
22.171
55.534000000000006
46.036
126.219
50.286
26.558999999999997
30.072
78.191
29.906
29.906
64.027
28.459
62.573
28.459
9.812
21.952999999999996
25.21
6.495
16.796
23.693
183.815
17.79
29.370000000000008
119.049
33.47
33.47
83.32000000000001
38.754
29.369999999999997
56.236000000000004
31.847
56.236000000000004
39.63
76.893
36.843
6.883
59.214
75.71300000000001
103.97999999999999
5.329
98.851
141.713
5.457
19.455
5.835
19.455
45.344
26.385
29.51
44.934
29.51
