32.07299999999999
25.948
131.92
30.623
27.496
29.04
8.714
36.907000000000004
68.85700000000001
25.948
68.857
19.817
51.297
33.658
27.496
26.551
27.364
90.855
27.477
30.536
93.623
39.236
41.612
30.623
27.477
120.055
27.912
30.536
93.16
63.486
27.912
60.176
60.176
10.47
55.374
60.176
60.176
62.265
55.374
22.96
62.26500000000001
69.12
39.236
41.612
36.907000000000004
8.714
27.823
58.091
25.337
22.662000000000003
27.823
47.654
28.837
26.551000000000002
28.837
35.092
27.101
132.931
12.633
33.155
63.486
22.96
35.592
19.817
31.82
56.495000000000005
31.82
25.458
58.091
28.407
21.320999999999998
47.654
31.837
28.407
25.337
25.458
31.247
22.662
77.512
38.006
27.364
29.115
112.88
29.115
28.117
31.247
30.804
30.804
28.117
21.320999999999998
31.837
35.092
38.006
72.471
44.631
44.631
8.026
56.495000000000005
35.592
10.47
47.197
