62.209
6.978
38.199
89.291
12.408
9.233
48.478
18.5
106.71600000000001
59.947
54.98
44.952999999999996
24.461
10.325000000000001
40.185
85.37599999999999
12.37
91.044
33.005
50.53
41.094
19.314
15.038
43.389
73.826
99.638
31.113
40.185
105.624
8.094
28.399
44.952999999999996
24.461
22.288
77.388
47.104
71.264
49.185
29.528
71.743
49.185
74.173
52.742000000000004
61.375
74.173
53.364000000000004
61.375
56.042
58.897
34.132
47.562
49.28
39.735
58.315
76.983
41.001
73.817
52.742000000000004
76.222
30.421
41.001
77.198
30.421
42.682
76.222
31.087
50.912
37.002
77.198
31.087
82.776
50.912
51.867
76.983
70.295
75.79599999999999
70.295
11.972
38.199
46.924
104.475
46.373
67.065
55.175
91.804
77.388
8.094
22.288
6.978
57.947
85.376
51.867
29.528
54.771
82.77600000000001
42.682
37.002
42.301
65.918
65.918
11.999
46.373
31.113
92.788
46.924
68.646
52.987
73.82600000000001
68.646
27.691
26.327
89.291
19.314
52.987
15.038
50.53
15.847
15.847
54.557
23.912
23.912
43.389
48.478
12.408
75.79599999999999
64.065
59.947
55.175
64.065
33.005
11.841
33.11
39.688
49.28
33.11
54.771
106.71600000000001
11.972
18.5
38.495
64.769
76.159
57.947
10.325000000000001
34.703
39.089
26.327
62.209
42.627
75.437
51.815
38.959
75.437
38.959
73.817
27.856
53.364000000000004
27.856
67.572
47.101
31.332
47.101
18.992
54.55700000000001
18.992
41.094
6.858
33.035
49.277
33.458
49.277
49.535
9.233
27.691
49.535
